1	1	-0.40108	0.0139169209	-0.0802015815103193	1	1	0	0	0	0	0	0	1	0
1	2	-0.05727	0.0342879289	-0.0802015815103193	1	1	0	0	0	0	0	0	1	0
1	3	-0.29852	0.0339112225	-0.0802015815103193	1	1	0	0	0	0	0	0	1	0
1	4	0.36094	0.03404025	-0.0802015815103193	1	1	0	0	0	0	0	0	1	0
1	5	-0.33336	0.0128210329	-0.0802015815103193	1	0	0	1	0	0	0	0	1	0
1	6	-0.07173	0.0136118889	-0.0802015815103193	1	1	0	0	0	0	0	0	1	0
1	7	-0.16793	0.00583696	-0.0802015815103193	1	0	1	0	0	0	0	0	1	0
2	8	-0.55585	0.3964969024	-0.874197238462607	0	0	0	1	0	0	0	0	1	0
2	9	-0.09217	0.5866794025	-0.609532019478511	0	0	0	1	0	0	0	0	1	0
2	10	0.48184	0.7119478129	-0.344866800494415	0	0	0	1	0	0	0	0	1	0
2	11	-0.25672	0.2932547409	-0.0802015815103193	0	0	0	1	0	0	0	0	1	0
2	12	-0.429	0.43652449	0.184463637473777	0	0	0	1	0	0	0	0	1	0
2	13	-0.55207	0.136161	0.449128856457872	0	0	0	1	0	0	0	0	1	0
2	14	-1.113	0.3360289024	0.713794075441968	0	0	0	1	0	0	0	0	1	0
3	15	-0.24714	0.1291467969	-0.344866800494415	0	0	0	0	1	0	1	0	0	0
4	16	-0.45176	0.0092083216	-1.1388624574467	1	0	1	0	0	0	0	0	1	0
5	17	-0.44629	0.5400045225	-0.609532019478511	1	0	0	1	0	0	0	0	1	0
5	18	-0.87855	0.3606843249	-0.609532019478511	1	0	0	1	0	0	0	0	1	0
5	19	1.50539	0.3146649025	-0.609532019478511	1	1	0	0	0	0	0	0	1	0
5	20	-0.8546	0.1750836649	-0.609532019478511	1	0	1	0	0	0	0	0	1	0
5	21	-0.09465	0.0834227689	-0.609532019478511	1	0	1	0	0	0	0	0	1	0
6	22	0.04879	0.0438567364	0.978459294426064	1	0	1	0	0	0	0	0	0	1
6	23	-0.14259	0.0225690529	0.978459294426064	0	0	1	0	0	0	0	0	0	1
6	24	-0.89097	0.3852560761	0.978459294426064	0	0	1	0	0	0	0	0	0	1
7	25	0.35229	0.0899220169	-1.66819289541489	1	0	1	0	0	1	0	0	0	0
8	26	-0.05753	0.0056896849	0.449128856457872	0	0	1	0	0	0	0	1	0	0
8	27	-0.20078	0.0768620176	0.449128856457872	1	0	1	0	0	0	0	1	0	0
8	28	-0.27131	0.0157301764	0.449128856457872	1	0	1	0	0	0	0	1	0	0
9	29	-0.31304	0.0106688241	-4.57951030423995	1	0	0	0	1	1	0	0	0	0
9	30	-0.05053	0.0051955264	-0.874197238462607	1	0	0	0	1	1	0	0	0	0
10	31	-0.03353	0.0235591801	-0.0802015815103193	0	0	1	0	0	0	0	0	0	1
10	32	0.48551	0.20967241	-0.0802015815103193	1	0	1	0	0	0	0	0	0	1
10	33	0.14548	0.0372219849	-0.0802015815103193	0	0	1	0	0	0	0	0	0	1
10	34	-0.5499	0.1441341225	-0.344866800494415	1	0	1	0	0	0	0	0	0	1
11	35	-0.00307	0.01532644	-0.0802015815103193	0	0	0	0	1	0	1	0	0	0
12	36	0.18275	0.0009903609	0.184463637473777	0	0	0	0	1	1	0	0	0	0
12	37	0.08592	0.0009897316	0.449128856457872	0	0	0	0	1	1	0	0	0	0
12	38	-0.02845	0.0010686361	0.713794075441968	0	0	0	0	1	1	0	0	0	0
12	39	0.11214	0.0009853321	0.978459294426064	0	0	0	0	1	1	0	0	0	0
12	40	0.0739	0.0009653449	1.24312451341016	0	0	0	0	1	1	0	0	0	0
12	41	0.00872	0.0008838729	1.50778973239426	0	0	0	0	1	1	0	0	0	0
12	42	0.06467	0.0008305924	1.77245495137835	0	0	0	0	1	1	0	0	0	0
12	43	0.07257	0.0007963684	2.03712017036245	0	0	0	0	1	1	0	0	0	0
13	44	0.10536	0.1429520481	-0.874197238462607	0	0	0	0	1	0	1	0	0	0
14	45	-0.86392	0.6091334209	-2.72685377135128	0	0	0	1	0	1	0	0	0	0
16	48	-0.1039	0.0151831684	1.50778973239426	1	0	1	0	0	0	0	0	1	0
16	49	-0.31322	0.0035414401	0.978459294426064	1	0	1	0	0	0	0	0	1	0
16	50	-0.16188	0.0460274116	1.50778973239426	1	0	1	0	0	0	0	0	1	0
15	46	0.35424	0.0258984649	-0.609532019478511	0	1	0	0	0	0	0	0	0	1
15	47	0.05373	0.0228644641	0.449128856457872	0	1	0	0	0	0	0	0	0	1
17	51	0.08573	0.0510714801	-0.0802015815103193	1	0	1	0	0	0	1	0	0	0
18	52	0.71562	0.2265188836	-0.344866800494415	0	0	1	0	0	0	0	0	0	1
19	53	-1.42885	0.3550729744	1.24312451341016	1	1	0	0	0	0	0	0	1	0
20	57	-0.07833	0.0065788321	0.978459294426064	0	0	1	0	0	0	0	0	1	0
20	56	-0.10434	0.0057441241	0.713794075441968	0	0	1	0	0	0	0	0	1	0
20	55	-0.07452	0.0062805625	0.449128856457872	0	0	1	0	0	0	0	0	1	0
20	54	-0.08312	0.0055234624	0.184463637473777	0	0	1	0	0	0	0	0	1	0
21	58	-0.26194	0.1470952609	-0.344866800494415	0	0	1	0	0	0	1	0	0	0
21	59	-0.43191	0.1526230489	-0.344866800494415	0	0	1	0	0	0	1	0	0	0
21	60	-0.56531	0.6184092321	-0.344866800494415	0	1	0	0	0	0	1	0	0	0
21	61	-1.48881	1.1067250401	-0.344866800494415	0	1	0	0	0	0	1	0	0	0
21	62	-0.15985	0.2695997929	-0.344866800494415	0	1	0	0	0	0	1	0	0	0
21	63	0.11464	0.0751527396	-0.344866800494415	0	0	0	1	0	0	1	0	0	0
21	64	-0.17096	0.4548558249	-0.344866800494415	0	1	0	0	0	0	1	0	0	0
21	65	0.02763	0.0569920129	-0.344866800494415	0	0	0	1	0	0	1	0	0	0
21	66	0.66155	0.2744397769	-0.344866800494415	0	1	0	0	0	0	1	0	0	0
